%YAML:1.0
---
calibration_time: "2019年07月27日 星期六 16时16分39秒"
nr_of_frames: 20
image_width: 640
image_height: 480
board_width: 9
board_height: 6
square_size: 25.
fix_aspect_ratio: 1.
# flags: +fix_aspectRatio +fix_principal_point +zero_tangent_dist
flags: 6158
fisheye_model: 0
camera_matrix: !!opencv-matrix
   rows: 3
   cols: 3
   dt: d
   data: [ 8.3559143017547581e+02, 0., 320., 0., 8.3559143017547581e+02,
       240., 0., 0., 1. ]
distortion_coefficients: !!opencv-matrix
   rows: 5
   cols: 1
   dt: d
   data: [ 1.7812577683956865e-01, -2.8256907784450629e+00, 0., 0.,
       1.7064075804729136e+01 ]
avg_reprojection_error: 3.4882183474337236e-01
per_view_reprojection_errors: !!opencv-matrix
   rows: 20
   cols: 1
   dt: f
   data: [ 1.70243695e-01, 1.91703647e-01, 1.79499790e-01,
       1.86425164e-01, 2.34847575e-01, 5.01263857e-01, 4.61438537e-01,
       4.10189658e-01, 3.69567901e-01, 2.92798400e-01, 2.36122519e-01,
       1.92037761e-01, 5.77864826e-01, 5.63764274e-01, 5.77588379e-01,
       3.26471031e-01, 2.08420917e-01, 1.83336973e-01, 2.42856756e-01,
       2.65144199e-01 ]
extrinsic_parameters: !!opencv-matrix
   rows: 20
   cols: 6
   dt: d
   data: [ -4.8758268066666249e-02, 1.4891193993230323e-01,
       1.3831004064752328e+00, 5.5566872279589795e+01,
       -1.2837563978076224e+02, 6.5902801555204553e+02,
       -1.3001736930027519e-01, 5.6833402345718334e-02,
       1.8807733561734383e+00, 6.4625697569362075e+01,
       -9.8342885981907926e+01, 6.7257158085833737e+02,
       -1.8300803770643522e-03, 1.3241839228243812e-01,
       1.6114111230134389e+00, 1.4880761223064206e+02,
       -1.2998175247375718e+02, 6.6724864869483247e+02,
       -8.5644938796302042e-02, 6.4302573450317091e-02,
       1.4916781337134901e+00, -5.2669638222943071e+01,
       -1.4714105475543889e+02, 6.9487680599130033e+02,
       8.0258623491685412e-03, 1.4544751900003888e-01,
       1.7847872389033768e+00, 7.4233683565766356e+01,
       -9.1386072822443197e+01, 5.5717017964222941e+02,
       -3.9835399664485943e-01, 4.5677726018932185e-01,
       1.5465798415211023e+00, 8.3656918807574826e+01,
       -1.2248856147661658e+02, 6.0438389713979791e+02,
       -3.6894164053775369e-01, 4.4007151150264850e-01,
       1.9234732573867794e+00, 1.1818607472392327e+02,
       -7.7487018484198074e+01, 5.9628017656644749e+02,
       -3.3221727565766496e-01, 2.3248912428966267e-01,
       8.0209263829932864e-01, -5.3449783250123595e+01,
       -1.2609385546920824e+02, 6.1963604078024753e+02,
       -3.4911675697614414e-01, 2.0644127990841307e-01,
       1.3696210685126646e+00, 3.5790257655321781e+01,
       -1.1117800723822225e+02, 6.2078695153753358e+02,
       -7.7343742322834030e-02, 1.3273351566775202e-01,
       4.4263776050582598e-01, -6.6190999722164349e+01,
       -1.2116446418714406e+02, 6.4468794669244380e+02,
       -1.1362062472129907e-02, 8.1030580434875404e-02,
       4.7538201879724135e-01, -7.1383015356598463e+01,
       -9.9222459821886559e+01, 5.2197869478810333e+02,
       -7.4791132905294433e-02, 7.4922742611152449e-02,
       2.1035892992850180e+00, 6.9073109548847171e+01,
       -5.5422391517672729e+01, 6.0472526778346912e+02,
       -3.9461551012139623e-01, 8.0225938500957744e-02,
       3.1284855929644756e-01, -9.3489652522925837e+01,
       -9.2648341267208593e+01, 5.7111401843906287e+02,
       -4.2977903807748863e-01, 8.9540796540322182e-02,
       7.3434142920842416e-01, -3.4632022127724326e+01,
       -1.0986537020144702e+02, 5.6583347083550996e+02,
       -4.8790730760439616e-01, 2.5066791095373553e-01,
       1.2789936421524799e+00, 6.4983505194351082e+01,
       -1.1403926073191056e+02, 5.5087321321464276e+02,
       -2.3581229780153951e-01, 1.9972753870462651e-01,
       1.0714272845878945e+00, 5.2822562280538694e+00,
       -1.2633720640462330e+02, 5.9012255415409106e+02,
       -4.0466276978599933e-02, 1.9368424166189249e-01,
       1.0746602354316546e+00, 3.4387654213622632e+01,
       -1.2404830301937479e+02, 6.8730867465761719e+02,
       -4.2008214439735778e-02, 1.5649518538686830e-01,
       1.4298835953951992e+00, 7.3197205577714968e+01,
       -1.2425550152915073e+02, 6.9010555781023686e+02,
       -2.5286117828425912e-02, 5.5859580415167420e-02,
       -1.2813519762690131e+00, -1.1434263360875032e+02,
       5.1262308902260664e+01, 6.5198851426888848e+02,
       2.1208260506637203e-01, 2.7125513553634954e-02,
       -1.0041124788869011e+00, -1.4118136457143817e+02,
       6.6423380743748382e+01, 6.1487652346043376e+02 ]
